Iteration,Error_psi,Error_omega
0,0.0,11.516172203567564
1,4.261569123766115e-05,9.978909934579757
2,5.104715826229064e-05,8.467667921815604
3,5.179811791830419e-05,6.0447457403175155
4,4.969121055785422e-05,3.927965521044773
5,4.672078155548002e-05,2.5231981672785526
6,4.3712368100516916e-05,1.694498555093115
7,4.103221832706129e-05,1.2086919989537688
8,3.880821632923148e-05,0.925845001700865
9,3.702677512548482e-05,0.7676888241466646
10,3.560850131704031e-05,0.6743661502822701
11,3.446198398275193e-05,0.6073028846863082
12,3.3510270389529556e-05,0.5503545541242906
13,3.2697510668203154e-05,0.4995413023890768
14,3.1986207548202564e-05,0.45460234573092195
15,3.135195514361917e-05,0.4155436342213091
16,3.07787361179293e-05,0.3819135240364427
17,3.0255611166459496e-05,0.35294860329615174
18,2.977467720773019e-05,0.32782657808010496
19,2.9329906712648427e-05,0.30582273074330163
20,2.89165116117553e-05,0.28636215949671096
21,2.853058827267777e-05,0.26900953154029356
22,2.8168903678524777e-05,0.2534360848289539
23,2.7828752156748067e-05,0.23938709210610454
24,2.7507850291788374e-05,0.2266581354265093
25,2.7204255848419235e-05,0.21508024191086428
26,2.6916304050132888e-05,0.20451112962034843
27,2.6642557318606917e-05,0.1948298765657968
28,2.6381765603825302e-05,0.18593327053207442
29,2.613283497221348e-05,0.1777329653849815
30,2.589480256407362e-05,0.17015309883446803
31,2.5666816442881243e-05,0.1631282660741354
32,2.5448119216085135e-05,0.15660181645527957
33,2.5238034591924758e-05,0.1505244447632332
34,2.503595625011097e-05,0.14485303824947343
35,2.4841338558414114e-05,0.1395497352107458
36,2.4653688777633103e-05,0.13458115316023772
37,2.44725604773128e-05,0.12991775127398977
38,2.429754794361693e-05,0.1255332993998235
39,2.4128281405451042e-05,0.12140443254819333
40,2.396442293930506e-05,0.11751027485095787
41,2.380566294024594e-05,0.11383212061511053
42,2.36517170675796e-05,0.11035316269052102
43,2.350232359057811e-05,0.1070582602675826
44,2.3357241072948398e-05,0.10393373966814996
45,2.3216246345482217e-05,0.10096722283947318
46,2.307913272489702e-05,0.09814747918861179
47,2.294570844388227e-05,0.09546429715159721
48,2.2815795263005325e-05,0.0929083725100009
49,2.268922723980758e-05,0.09047121097189871
50,2.256584963423338e-05,0.08814504294568618
51,2.244551793267304e-05,0.08592274877166378
52,2.2328096975569e-05,0.08379779295213037
53,2.2213460175680336e-05,0.0817641661482478
54,2.2101488815945475e-05,0.07981633390010605
55,2.199207141745498e-05,0.07794919118301269
56,2.1885103169285087e-05,0.07615802204371544
57,2.1780485413111482e-05,0.07443846366974934
58,2.167812517639443e-05,0.07278647433723476
59,2.1577934748782098e-05,0.0711983047599318
60,2.147983129701137e-05,0.06967047242817954
61,2.138373651420772e-05,0.06819973858184679
62,2.1289576299961913e-05,0.06678308750902454
63,2.1197280468016942e-05,0.06541770790239261
64,2.1106782478752526e-05,0.0641009760398925
65,2.1018019194004046e-05,0.06283044058598927
66,2.093093065201254e-05,0.06160380883519186
67,2.0845459860572254e-05,0.0604189342415997
68,2.0761552606624624e-05,0.05927380509714357
69,2.0679157280786153e-05,0.058166534237649815
70,2.0598224715405868e-05,0.05709534967010245
71,2.051870803494552e-05,0.05605858602690756
72,2.0440562517557397e-05,0.05505467676371765
73,2.0363745466891655e-05,0.054082147026898876
74,2.0288216093235505e-05,0.053139607124867774
75,2.0213935403173563e-05,0.05222574654486512
76,2.0140866097071157e-05,0.05133932846302594
77,2.006897247370725e-05,0.0504791847012146
78,1.9998220341479448e-05,0.04964421108902508
79,1.9928576935646243e-05,0.048833363193695696
80,1.9860010841120437e-05,0.04804565238453261
81,1.9792491920372468e-05,0.04728014220184201
82,1.972599124605445e-05,0.04653594500338754
83,1.96604810379707e-05,0.045812218864098544
84,1.9595934604064995e-05,0.04510816470712117
85,1.9532326285128448e-05,0.04442302364641865
86,1.9469631402949577e-05,0.04375607452307661
87,1.9407826211645485e-05,0.043106631619140585
88,1.9346887851956286e-05,0.0424740425342741
89,1.9286794308285237e-05,0.04185768621203006
90,1.922752436828128e-05,0.04125697110357335
91,1.9169057584800415e-05,0.04067133345794029
92,1.911137424007454e-05,0.04010023572879375
93,1.9054455311930998e-05,0.03954316508860958
94,1.899828244193389e-05,0.03899963204197139
95,1.8942837905313526e-05,0.03846916913037445
96,1.888810458256183e-05,0.03795132972165346
97,1.883406593259276e-05,0.03744568687765549
98,1.8780705967360823e-05,0.03695183229437416
99,1.872800922784229e-05,0.03646937530921387
100,1.86759607612996e-05,0.0359979419705221
101,1.8624546099738723e-05,0.03553717416489379
102,1.85737512394968e-05,0.03508672879812263
103,1.8523562621879016e-05,0.034646277026051026
104,1.847396711478682e-05,0.03421550353177767
105,1.8424951995277106e-05,0.03379410584606674
106,1.8376504932996983e-05,0.033381793707949976
107,1.8328613974439623e-05,0.03297828846281857
108,1.8281267527974356e-05,0.032583322495483805
109,1.8234454349608645e-05,0.03219663869584773
110,1.8188163529434354e-05,0.031817989955054554
111,1.8142384478725787e-05,0.03144713869012017
112,1.8097106917645306e-05,0.031083856395178234
113,1.8052320863530586e-05,0.030727923217645566
114,1.8008016619722482e-05,0.030379127557713777
115,1.79641847649118e-05,0.030037265689686565
116,1.792081614297423e-05,0.029702141403797844
117,1.787790185325844e-05,0.029373565667234404
118,1.7835433241321332e-05,0.029051356303194588
119,1.7793401890067006e-05,0.02873533768685411
120,1.7751799611282464e-05,0.0284253404572284
121,1.771061843754044e-05,0.02812120124399637
122,1.766985061445691e-05,0.02782276240834645
123,1.7629488593280902e-05,0.027529871797072468
124,1.7589525023798624e-05,0.027242382509081925
125,1.7549952747542048e-05,0.026960152673659102
126,1.751076479127964e-05,0.02668304523974185
127,1.7471954360781746e-05,0.02641092777562893
128,1.7433514834837895e-05,0.02614367227850417
129,1.73954397595277e-05,0.025881154993219677
130,1.7357722842718322e-05,0.025623256239835513
131,1.7320357948786283e-05,0.025369860249418417
132,1.728333909355157e-05,0.02512085500764255
133,1.72466604394133e-05,0.024876132105782104
134,1.721031629067456e-05,0.024635586598670278
135,1.7174301089055034e-05,0.024399116869271778
136,1.713860940937389e-05,0.02416662449949871
137,1.710323595540001e-05,0.02393801414694965
138,1.706817555586531e-05,0.023713193427247294
139,1.7033423160622358e-05,0.0234920728017063
140,1.6998973836953818e-05,0.023274565470009785
141,1.696482276601569e-05,0.02306058726769894
142,1.693096523941563e-05,0.022850056568154965
143,1.68973966559152e-05,0.022642894188920525
144,1.6864112518257156e-05,0.02243902330207615
145,1.683110843010257e-05,0.022238369348516734
146,1.6798380093083666e-05,0.022040859955897985
147,1.6765923303958493e-05,0.02184642486009951
148,1.673373395187308e-05,0.021654995830015573
149,1.6701808015711955e-05,0.021466506595506606
150,1.6670141561551013e-05,0.021280892778378555
151,1.6638730740191768e-05,0.02109809182622053
152,1.6607571784786126e-05,0.020918042948986436
153,1.6576661008541534e-05,0.02074068705816616
154,1.6545994802504477e-05,0.020565966708451677
155,1.651556963341873e-05,0.02039382604174704
156,1.6485382041657884e-05,0.020224210733452715
157,1.6455428639227083e-05,0.020057067940880677
158,1.6425706107829978e-05,0.019892346253728002
159,1.6396211196998858e-05,0.01972999564650708
160,1.6366940722291408e-05,0.019569967432833547
161,1.633789156354175e-05,0.01941221422151082
162,1.6309060663169132e-05,0.019256689874303706
163,1.6280445024543285e-05,0.01910334946534482
164,1.6252041710401446e-05,0.018952149242098697
165,1.622384784131398e-05,0.018803046587800944
166,1.619586059420213e-05,0.01865599998533003
167,1.6168077200900256e-05,0.01851096898242654
168,1.6140494946763687e-05,0.018367914158222736
169,1.611311116931995e-05,0.01822679709100357
170,1.6085923256962472e-05,0.018087580327177343
171,1.6058928647683367e-05,0.017950227351363434
172,1.603212482784528e-05,0.01781470255758635
173,1.600550933099223e-05,0.01768097122151134
174,1.597907973669549e-05,0.01754899947368969
175,1.5952833669431407e-05,0.01741875427374429
176,1.592676879749811e-05,0.017290203385498765
177,1.590088283196003e-05,0.017163315352974686
178,1.5875173525626796e-05,0.017038059477244214
179,1.5849638672058907e-05,0.016914405794084812
180,1.582427610460484e-05,0.016792325052424967
181,1.5799083695467754e-05,0.01667178869353238
182,1.577405935479306e-05,0.01655276883091592
183,1.5749201029790255e-05,0.016435238230923795
184,1.5724506703872637e-05,0.016319170294005734
185,1.569997439582735e-05,0.016204539036603353
186,1.5675602159003583e-05,0.01609131907365545
187,1.5651388080528813e-05,0.015979485601692784
188,1.5627330280543506e-05,0.015869014382499044
189,1.5603426911457865e-05,0.015759881727309407
190,1.5579676157229376e-05,0.015652064481532748
191,1.5556076232661336e-05,0.015545540009982057
192,1.5532625382718243e-05,0.015440286182579893
193,1.550932188186204e-05,0.015336281360533508
194,1.548616403340536e-05,0.01523350438295684
195,1.5463150168882287e-05,0.015131934553927114
196,1.544027864743664e-05,0.01503155162994509
197,1.5417547855224208e-05,0.014932335807809647
198,1.5394956204835403e-05,0.014834267712864776
199,1.5372502134728953e-05,0.014737328387626394
200,1.5350184108681307e-05,0.014641499280761992
201,1.5328000615252976e-05,0.014546762236411381
202,1.530595016726615e-05,0.014453099483848987
203,1.528403130129522e-05,0.014360493627460173
204,1.5262242577175195e-05,0.01426892763701958
205,1.524058257751542e-05,0.014178384838282173
206,1.5219049907233236e-05,0.014088848903850525
207,1.5197643193093926e-05,0.014000303844321757
208,1.5176361083264527e-05,0.013912733999702484
209,1.5155202246879088e-05,0.0138261240310804
210,1.5134165373613996e-05,0.013740458912549781
211,1.5113249173274872e-05,0.013655723923368375
212,1.5092452375392292e-05,0.013571904640354614
213,1.50717737288295e-05,0.013488986930509077
214,1.5051212001396509e-05,0.013406956943844644
215,1.5030765979477927e-05,0.013325801106435331
216,1.5010434467666754e-05,0.013245506113662348
217,1.4990216288406605e-05,0.013166058923654602
218,1.4970110281645717e-05,0.01308744675092463
219,1.4950115304497637e-05,0.013009657060179534
220,1.4930230230906386e-05,0.012932677560311674
221,1.4910453951328296e-05,0.012856496198562741
222,1.4890785372410394e-05,0.01278110115484839
223,1.4871223416687124e-05,0.012706480836246493
224,1.4851767022275352e-05,0.012632623871639857
225,1.483241514258154e-05,0.012559519106501564
226,1.4813166746015113e-05,0.012487155597837458
227,1.4794020815707342e-05,0.012415522609259886
228,1.4774976349235734e-05,0.012344609606196395
229,1.4756032358358884e-05,0.012274406251237017
230,1.473718786875168e-05,0.012204902399602051
231,1.4718441919751712e-05,0.012136088094737001
232,1.4699793564108136e-05,0.012067953564022543
233,1.468124186773725e-05,0.012000489214606657
234,1.4662785909484243e-05,0.01193368562934297
235,1.4644424780889243e-05,0.011867533562839159
236,1.4626157585958256e-05,0.011802023937611839
237,1.4607983440940644e-05,0.011737147840343591
238,1.4589901474111181e-05,0.011672896518236628
239,1.4571910825555418e-05,0.011609261375463382
240,1.455401064696006e-05,0.01154623396971062
241,1.4536200101411556e-05,0.011483806008812963
242,1.4518478363193575e-05,0.011421969347475316
243,1.450084461759085e-05,0.011360715984075778
244,1.4483298060701171e-05,0.011300038057558198
245,1.4465837899244066e-05,0.011239927844396863
246,1.4448463350380724e-05,0.01118037775564194
247,1.4431173641532667e-05,0.011121380334041966
248,1.4413968010206307e-05,0.01106292825123614
249,1.439684570382216e-05,0.011005014305018171
250,1.4379805979545708e-05,0.010947631416671754
251,1.436284810412225e-05,0.010890772628368503
252,1.434597135371684e-05,0.01083443110063184
253,1.4329175013754788e-05,0.010778600109867606
254,1.431245837876843e-05,0.01072327304595087
255,1.4295820752243587e-05,0.010668443409873172
256,1.4279261446473666e-05,0.01061410481145215
257,1.4262779782412935e-05,0.010560250967089463
258,1.4246375089533124e-05,0.010506875697590708
259,1.4230046705685337e-05,0.010453972926033131
260,1.4213793976963216e-05,0.010401536675686036
261,1.4197616257568135e-05,0.0103495610679847
262,1.4181512909678368e-05,0.010298040320547501
263,1.416548330332042e-05,0.010246968745243728
264,1.4149526816243156e-05,0.010196340746308026
265,1.4133642833793613e-05,0.010146150818496071
266,1.4117830748796056e-05,0.010096393545286355
267,1.4102089961433027e-05,0.010047063597125505
268,1.4086419879129157e-05,0.009998155729712445
269,1.4070819916437098e-05,0.00994966478232106
270,1.4055289494925517e-05,0.009901585676167711
271,1.4039828043067652e-05,0.009853913412811348
272,1.4024434996136872e-05,0.009806643072590934
273,1.4009109796097455e-05,0.009759769813102446
274,1.3993851891504287e-05,0.009713288867707896
275,1.3978660737398374e-05,0.00966719554407922
276,1.396353579520917e-05,0.009621485222773
277,1.3948476532655649e-05,0.009576153355843789
278,1.3933482423650939e-05,0.009531195465480808
279,1.3918552948207861e-05,0.009486607142681331
280,1.390368759234665e-05,0.009442384045952231
281,1.3888885848004209e-05,0.009398521900038223
282,1.3874147212945045e-05,0.009355016494680297
283,1.3859471190674713e-05,0.00931186368340492
284,1.3844857290352192e-05,0.009269059382332924
285,1.3830305026708647e-05,0.009226599569020985
286,1.381581391996207e-05,0.009184480281325675
287,1.3801383495737547e-05,0.00914269761629197
288,1.3787013284987331e-05,0.00910124772906787
289,1.3772702823913335e-05,0.009060126831841372
290,1.3758451653889252e-05,0.009019331192801518
291,1.3744259321385872e-05,0.00897885713511934
292,1.3730125377897076e-05,0.008938701035954379
293,1.3716049379866744e-05,0.008898859325478887
294,1.3702030888618495e-05,0.008859328485927012
295,1.3688069470283655e-05,0.008820105050660068
296,1.3674164695733808e-05,0.008781185603253996
297,1.3660316140512906e-05,0.008742566776606208
298,1.3646523384770918e-05,0.008704245252058557
299,1.3632786013197677e-05,0.008666217758543576
300,1.3619103614959596e-05,0.00862848107174489
301,1.360547578363666e-05,0.008591032013275744
302,1.3591902117159325e-05,0.008553867449875022
303,1.3578382217749251e-05,0.008516984292620908
304,1.3564915691858287e-05,0.008480379496159098
305,1.3551502150110484e-05,0.008444050057946873
306,1.3538141207243106e-05,0.008407993017515446
307,1.3524832482051547e-05,0.00837220545574442
308,1.3511575597331969e-05,0.008336684494151866
309,1.3498370179827138e-05,0.00830142729419963
310,1.3485215860172084e-05,0.00826643105661127
311,1.3472112272842159e-05,0.008231693020706086
312,1.3459059056098725e-05,0.00819721046374428
313,1.344605585194023e-05,0.008162980700285637
314,1.3433102306050176e-05,0.008129001081563251
315,1.3420198067748214e-05,0.008095268994866017
316,1.3407342789941413e-05,0.00806178186293676
317,1.3394536129075658e-05,0.008028537143380763
318,1.3381777745089107e-05,0.0079955323280859
319,1.3369067301365917e-05,0.007962764942654592
320,1.3356404464689956e-05,0.00793023254584714
321,1.3343788905200272e-05,0.00789793272903483
322,1.3331220296347457e-05,0.007865863115665655
323,1.3318698314848631e-05,0.007834021360738566
324,1.3306222640647035e-05,0.007802405150288374
325,1.3293792956867734e-05,0.007771012200881658
326,1.3281408949777808e-05,0.007739840259121377
327,1.3269070308744534e-05,0.007708887101160991
328,1.325677672619639e-05,0.007678150532228738
329,1.3244527897582456e-05,0.00764762838615931
330,1.3232323521335145e-05,0.007617318524936417
331,1.3220163298830069e-05,0.0075872188382436236
332,1.3208046934350281e-05,0.00755732724302269
333,1.3195974135048384e-05,0.0075276416830397565
334,1.3183944610910036e-05,0.007498160128462884
335,1.3171958074718808e-05,0.007468880575443549
336,1.3160014242019733e-05,0.007439801045709011
337,1.3148112831086034e-05,0.00741091958616008
338,1.313625356288373e-05,0.007382234268478394
339,1.3124436161038794e-05,0.007353743188738914
340,1.3112660351803455e-05,0.007325444467031187
341,1.3100925864023815e-05,0.007297336247087111
342,1.3089232429107575e-05,0.00726941669591546
343,1.3077579780992649e-05,0.007241684003442193
344,1.3065967656115861e-05,0.007214136382159541
345,1.3054395793382244e-05,0.007186772066779166
346,1.3042863934134684e-05,0.007159589313893304
347,1.3031371822124325e-05,0.0071325864016409495
348,1.3019919203481638e-05,0.00710576162938052
349,1.300850582668652e-05,0.0070791133173687525
350,1.2997131442540767e-05,0.007052639806444706
351,1.2985795804139954e-05,0.007026339457719812
352,1.297449866684532e-05,0.007000210652272964
353,1.2963239788256941e-05,0.006974251790852728
354,1.2952018928187106e-05,0.00694846129358179
355,1.2940835848633478e-05,0.006922837599669626
356,1.2929690313753382e-05,0.006897379167128407
357,1.291858208983831e-05,0.006872084472495465
358,1.2907510945288138e-05,0.006846952010558495
359,1.289647665058691e-05,0.006821980294087342
360,1.2885478978277908e-05,0.006797167853569728
361,1.2874517702939438e-05,0.006772513236952192
362,1.2863592601161354e-05,0.006748015009384429
363,1.2852703451521314e-05,0.0067236717529694364
364,1.2841850034561782e-05,0.006699482066516634
365,1.2831032132767202e-05,0.006675444565299918
366,1.282024953054147e-05,0.0066515578808201475
367,1.2809502014185732e-05,0.006627820660571326
368,1.2798789371876817e-05,0.006604231567810029
369,1.2788111393645425e-05,0.006580789281330882
370,1.2777467871355172e-05,0.006557492495243716
371,1.2766858598681235e-05,0.00653433991875482
372,1.2756283371090207e-05,0.0065113302759532
373,1.2745741985819498e-05,0.006488462305599572
374,1.2735234241857411e-05,0.006465734760918467
375,1.2724759939923137e-05,0.006443146409394347
376,1.2714318882447654e-05,0.006420696032571469
377,1.2703910873554085e-05,0.006398382425856461
378,1.2693535719038904e-05,0.006376204398323797
379,1.2683193226353531e-05,0.006354160772526701
380,1.2672883204585291e-05,0.006332250384307733
381,1.266260546443988e-05,0.006310472082615677
382,1.265235981822271e-05,0.006288824729323526
383,1.2642146079822028e-05,0.006267307199049815
384,1.2631964064690839e-05,0.0062459183789840235
385,1.2621813589829918e-05,0.006224657168713072
386,1.2611694473770947e-05,0.006203522480051747
387,1.2601606536559503e-05,0.006182513236876231
388,1.2591549599738668e-05,0.006161628374958175
389,1.2581523486333028e-05,0.0061408668418047345
390,1.2571528020831882e-05,0.006120227596498375
391,1.256156302917414e-05,0.006099709609540528
392,1.2551628338732135e-05,0.006079311862698115
393,1.2541723778296447e-05,0.0060590333488515025
394,1.2531849178060633e-05,0.006038873071844895
395,1.252200436960604e-05,0.006018830046339943
396,1.2512189185887169e-05,0.0059989032976725
397,1.250240346121683e-05,0.005979091861708207
398,1.2492647031251878e-05,0.005959394784704096
399,1.2482919732978877e-05,0.005939811123170476
400,1.2473221404700016e-05,0.005920339943735796
401,1.2463551886019265e-05,0.005900980323011968
402,1.2453911017828449e-05,0.0058817313474645045
403,1.2444298642294116e-05,0.005862592113282681
404,1.2434714602843831e-05,0.005843561726251884
405,1.2425158744153155e-05,0.005824639301628752
406,1.2415630912132685e-05,0.005805823964017676
407,1.2406130953914893e-05,0.005787114847249267
408,1.2396658717842032e-05,0.005768511094261048
409,1.2387214053452972e-05,0.005750011856979374
410,1.2377796811471198e-05,0.005731616296203774
411,1.2368406843792707e-05,0.005713323581492247
412,1.2359044003473564e-05,0.00569513289104979
413,1.234970814471841e-05,0.005677043411616928
414,1.2340399122868587e-05,0.005659054338360728
415,1.2331116794390365e-05,0.005641164874767694
416,1.2321861016863763e-05,0.005623374232538091
417,1.2312631648971073e-05,0.005605681631481191
418,1.230342855048583e-05,0.0055880862994135425
419,1.2294251582261562e-05,0.005570587472057081
420,1.228510060622131e-05,0.005553184392939922
421,1.2275975485346217e-05,0.005535876313298814
422,1.2266876083665881e-05,0.005518662491981779
423,1.2257802266246713e-05,0.005501542195353062
424,1.2248753899182548e-05,0.005484514697199706
425,1.2239730849584042e-05,0.005467579278639307
426,1.2230732985568244e-05,0.005450735228028093
427,1.2221760176249385e-05,0.005433981840872626
428,1.2212812291728315e-05,0.00541731841974039
429,1.220388920308301e-05,0.005400744274173529
430,1.2194990782359065e-05,0.005384258720601761
431,1.2186116902560177e-05,0.005367861082259861
432,1.2177267437638445e-05,0.005351550689102546
433,1.2168442262485685e-05,0.005335326877723231
434,1.215964125292367e-05,0.0053191889912731745
435,1.2150864285695364e-05,0.005303136379381431
436,1.2142111238456e-05,0.00528716839807639
437,1.2133381989764175e-05,0.005271284409708812
438,1.21246764190732e-05,0.005255483782874374
439,1.2115994406722439e-05,0.005239765892339443
440,1.2107335833928569e-05,0.005224130118966753
441,1.2098700582777602e-05,0.005208575849642054
442,1.2090088536216156e-05,0.005193102477201975
443,1.2081499578043532e-05,0.005177709400363205
444,1.20729335929033e-05,0.0051623960236521224
445,1.2064390466275597e-05,0.005147161757336572
446,1.205587008446882e-05,0.005132006017356682
447,1.204737233461223e-05,0.0051169282252583916
448,1.20388971046477e-05,0.005101927808127409
449,1.2030444283322522e-05,0.005087004198523283
450,1.2022013760181392e-05,0.005072156834416063
451,1.2013605425559378e-05,0.0050573851591217975
452,1.200521917057408e-05,0.005042688621240567
453,1.1996854887118839e-05,0.005028066674594993
454,1.1988512467854918e-05,0.005013518778168672
455,1.1980191806204761e-05,0.004999044396047059
456,1.1971892796344813e-05,0.004984642997357683
457,1.1963615333198522e-05,0.004970314056211494
458,1.1955359312429651e-05,0.004956057051646496
459,1.1947124630434858e-05,0.0049418714675701515
460,1.1938911184337812e-05,0.004927756792703207
461,1.193071887198179e-05,0.0049137125205248
462,1.1922547591923298e-05,0.004899738149218173
463,1.1914397243425938e-05,0.004885833181616611
464,1.190626772645342e-05,0.004871997125150483
465,1.1898158941663449e-05,0.0048582294917955595
466,1.1890070790401367e-05,0.00484452979801989
467,1.1882003174694037e-05,0.004830897564734686
468,1.1873955997243467e-05,0.004817332317243459
469,1.1865929161420975e-05,0.004803833585191537
470,1.1857922571260913e-05,0.004790400902519058
471,1.1849936131454982e-05,0.0047770338074110425
472,1.184196974734604e-05,0.004763731842250693
473,1.1834023324922482e-05,0.004750494553572256
474,1.1826096770812465e-05,0.004737321492015148
475,1.1818189992278028e-05,0.004724212212276982
476,1.1810302897209836e-05,0.004711166273069975
477,1.180243539412118e-05,0.0046981832370756905
478,1.179458739214278e-05,0.004685262670901049
479,1.1786758801016973e-05,0.004672404145034819
480,1.1778949531092869e-05,0.004659607233805763
481,1.1771159493320579e-05,0.004646871515339498
482,1.1763388599245897e-05,0.004634196571517206
483,1.1755636761005574e-05,0.004621581987934289
484,1.1747903891321437e-05,0.004609027353860234
485,1.1740189903496107e-05,0.0045965322621981325
486,1.1732494711407196e-05,0.004584096309444776
487,1.1724818229502672e-05,0.004571719095652767
488,1.1717160372796065e-05,0.00455940022439104
489,1.1709521056861157e-05,0.0045471393027072555
490,1.1701900197827508e-05,0.004534935941089512
491,1.1694297712375477e-05,0.004522789753430525
492,1.1686713517731535e-05,0.004510700356990015
493,1.1679147531663697e-05,0.004498667372359204
494,1.1671599672476515e-05,0.004486690423424685
495,1.1664069859007092e-05,0.004474769137333152
496,1.1656558010619934e-05,0.004462903144457484
497,1.1649064047202891e-05,0.004451092078361055
498,1.1641587889162426e-05,0.004439335575765321
499,1.1634129457419398e-05,0.004427633276515234
500,1.1626688673404641e-05,0.004415984823546499
501,1.1619265459054712e-05,0.004404389862853393
502,1.1611859736807599e-05,0.00439284804345579
503,1.1604471429598446e-05,0.004381359017367992
504,1.1597100460855396e-05,0.00436992243956691
505,1.1589746754495547e-05,0.004358537967961367
506,1.1582410234920932e-05,0.004347205263360951
507,1.1575090827014053e-05,0.004335923989446042
508,1.1567788456134506e-05,0.004324693812738405
509,1.1560503048114508e-05,0.004313514402570512
510,1.1553234529255277e-05,0.004302385431057712
511,1.1545982826322875e-05,0.004291306573068337
512,1.1538747866544743e-05,0.004280277506195727
513,1.153152957760542e-05,0.00426929791073037
514,1.152432788764338e-05,0.004258367469631523
515,1.1517142725246654e-05,0.004247485868500464
516,1.1509974019449766e-05,0.004236652795552958
517,1.1502821699729398e-05,0.0042258679415928015
518,1.1495685696001553e-05,0.004215130999984921
519,1.1488565938617336e-05,0.004204441666629963
520,1.148146235835972e-05,0.004193799639937936
521,1.147437488644006e-05,0.004183204620802967
522,1.1467303454494377e-05,0.004172656312577885
523,1.1460247994580287e-05,0.0041621544210501266
524,1.1453208439173155e-05,0.004151698654416152
525,1.1446184721163392e-05,0.004141288723257394
526,1.14391767738522e-05,0.004130924340517032
527,1.1432184530949132e-05,0.0041206052214755855
528,1.142520792656832e-05,0.004110331083727271
529,1.1418246895225533e-05,0.004100101647157905
530,1.1411301371834592e-05,0.0040899166339207664
531,1.140437129170466e-05,0.0040797757684150875
532,1.1397456590536766e-05,0.004069678777263089
533,1.1390557204420832e-05,0.004059625389288007
534,1.1383673069832591e-05,0.00404961533549237
535,1.1376804123630434e-05,0.004039648349036534
536,1.1369950303052638e-05,0.0040297241652174475
537,1.136311154571397e-05,0.004019842521446978
538,1.135628778960327e-05,0.0040100031572322765
539,1.134947897307992e-05,0.004000205814154148
540,1.1342685034871397e-05,0.003990450235846995
541,1.1335905914070199e-05,0.003980736167979184
542,1.1329141550131045e-05,0.003971063358232684
543,1.132239188286802e-05,0.003961431556283734
544,1.1315656852451927e-05,0.003951840513783295
545,1.130893639940703e-05,0.0039422899843382314
546,1.1302230464609247e-05,0.003932779723491584
547,1.1295538989282311e-05,0.003923309488704857
548,1.1288861914996106e-05,0.003913879039338487
549,1.128219918366326e-05,0.003904488136634461
550,1.1275550737536777e-05,0.003895136543697424
551,1.1268916519207624e-05,0.003885824025477724
552,1.1262296471601778e-05,0.003876550348752688
553,1.125569053797797e-05,0.003867315282109898
554,1.1249098661925076e-05,0.0038581185959293608
555,1.1242520787359131e-05,0.0038489600623670835
556,1.123595685852188e-05,0.0038398394553374247
557,1.1229406819977213e-05,0.0038307565504969573
558,1.122287061660926e-05,0.00382171112522782
559,1.1216348193620227e-05,0.0038127029586210856
560,1.120983949652712e-05,0.003803731831461217
561,1.1203344471160444e-05,0.00379479752620949
562,1.1196863063660965e-05,0.0037858998269882874
563,1.1190395220477996e-05,0.0037770385195662376
564,1.1183940888366513e-05,0.0037682133913416746
565,1.1177500014385516e-05,0.0037594242313279567
566,1.1171072545895224e-05,0.0037506708301384716
567,1.11646584305551e-05,0.003741952979971859
568,1.1158257616321371e-05,0.003733270474596221
569,1.1151870051445361e-05,0.003724623109335771
570,1.1145495684470577e-05,0.0037160106810559183
571,1.1139134464231219e-05,0.0037074329881485522
572,1.1132786339849408e-05,0.003698889830518587
573,1.112645126073365e-05,0.0036903810095696753
574,1.1120129176576274e-05,0.0036819063281904557
575,1.1113820037351732e-05,0.003673465590740791
576,1.1107523793314061e-05,0.0036650586030384236
577,1.11012403949953e-05,0.003656685172345501
578,1.1094969793203192e-05,0.0036483451073555306
579,1.1088711939019187e-05,0.003640038218179871
580,1.108246678379658e-05,0.0036317643163350333
581,1.1076234279158385e-05,0.003623523214730489
582,1.1070014376995387e-05,0.003615314727654868
583,1.1063807029464395e-05,0.0036071386707641913
584,1.1057612188986053e-05,0.0035989948610695116
585,1.105142980824307e-05,0.0035908831169243166
586,1.1045259840178394e-05,0.003582803258012456
587,1.1039102237993196e-05,0.003574755105336329
588,1.1032956955144974e-05,0.003566738481205298
589,1.1026823945346009e-05,0.003558753209222749
590,1.1020703162561182e-05,0.003550799114276377
591,1.101459456100647e-05,0.003542876022525098
592,1.1008498095146804e-05,0.003534983761387907
593,1.1002413719694761e-05,0.0035271221595339066
594,1.0996341389608409e-05,0.003519291046869336
595,1.0990281060089595e-05,0.003511490254528094
596,1.09842326865826e-05,0.0035037196148596413
597,1.0978196224771833e-05,0.0034959789614194057
598,1.0972171630580581e-05,0.0034882681289572
599,1.096615886016926e-05,0.00348058695340682
600,1.0960157869933575e-05,0.0034729352718762124
601,1.0954168616502922e-05,0.0034653129226364684
602,1.0948191056738915e-05,0.0034577197451118587
603,1.0942225147733524e-05,0.003450155579869312
604,1.0936270846807559e-05,0.003442620268609521
605,1.093032811150914e-05,0.0034351136541557834
606,1.0924396899611956e-05,0.0034276355804448606
607,1.0918477169114022e-05,0.0034201858925171514
608,1.0912568878235558e-05,0.00341276443650679
609,1.090667198541803e-05,0.003405371059632777
610,1.0900786449322217e-05,0.0033980056101890225
611,1.0894912228826985e-05,0.003390667937535264
612,1.0889049283027475e-05,0.003383357892087597
613,1.0883197571233854e-05,0.0033760753253102046
614,1.0877357052969782e-05,0.0033688200897050123
615,1.0871527687970768e-05,0.003361592038803706
616,1.086570943618312e-05,0.003354391027158562
617,1.0859902257762e-05,0.0033472169103338496
618,1.0854106113070421e-05,0.0033400695448970452
619,1.0848320962677404e-05,0.003332948788410071
620,1.0842546767357228e-05,0.003325854499421489
621,1.0836783488087174e-05,0.003318786537457329
622,1.0831031086046872e-05,0.0033117447630129563
623,1.082528952261661e-05,0.003304729037545236
624,1.0819558759375915e-05,0.003297739223463878
625,1.0813838758102437e-05,0.0032907751841237676
626,1.080812948077044e-05,0.0032838367838167876
627,1.08024308895494e-05,0.0032769238877638717
628,1.0796742946802957e-05,0.0032700363621071616
629,1.079106561508753e-05,0.0032631740739024013
630,1.078539885715069e-05,0.0032563368911113803
631,1.0779742635930301e-05,0.003249524682593755
632,1.0774096914553237e-05,0.0032427373181002682
633,1.0768461656333683e-05,0.003235974668264872
634,1.0762836824772421e-05,0.0032292366045974627
635,1.0757222383555254e-05,0.0032225229994766427
636,1.0751618296551844e-05,0.0032158337261419816
637,1.0746024527814575e-05,0.0032091686586876896
638,1.0740441041577177e-05,0.003202527672055424
639,1.0734867802253789e-05,0.003195910642026317
640,1.0729304774437628e-05,0.0031893174452151
641,1.0723751922899537e-05,0.003182747959062928
642,1.0718209212587333e-05,0.0031762020618302292
643,1.0712676608624322e-05,0.0031696796325901473
644,1.0707154076308225e-05,0.0031631805512222816
645,1.0701641581109911e-05,0.0031567046984053615
646,1.0696139088672392e-05,0.003150251955611264
647,1.0690646564809912e-05,0.003143822205098288
648,1.0685163975506281e-05,0.003137415329904617
649,1.0679691286914367e-05,0.003131031213842251
650,1.0674228465354465e-05,0.0031246697414904993
651,1.0668775477313632e-05,0.003118330798190029
652,1.0663332289444415e-05,0.0031120142700360896
653,1.0657898868563679e-05,0.0031057200438729606
654,1.0652475181651975e-05,0.0030994480072876404
655,1.0647061195851892e-05,0.0030931980486040415
656,1.064165687846726e-05,0.0030869700568770526
657,1.0636262196962532e-05,0.0030807639218860617
658,1.063087711896088e-05,0.0030745795341297795
659,1.0625501612244126e-05,0.0030684167848205766
660,1.0620135644750894e-05,0.003062275565877917
661,1.0614779184576316e-05,0.0030561557699237763
662,1.060943219997048e-05,0.0030500572902761084
663,1.0604094659337611e-05,0.0030439800209437545
664,1.0598766531235498e-05,0.003037923856620898
665,1.0593447784373801e-05,0.0030318886926816242
666,1.0588138387613578e-05,0.0030258744251743224
667,1.0582838309966236e-05,0.003019880950816706
668,1.0577547520592521e-05,0.0030139081669899185
669,1.0572265988801561e-05,0.003007955971734023
670,1.0566993684050035e-05,0.003002024263742017
671,1.0561730575941145e-05,0.0029961129423554662
672,1.0556476634223633e-05,0.0029902219075588223
673,1.0551231828791183e-05,0.0029843510599744895
674,1.054599612968104e-05,0.0029785003008581624
675,1.0540769507073525e-05,0.002972669532093622
676,1.0535551931290896e-05,0.0029668586561873646
677,1.0530343372796621e-05,0.0029610675762642797
678,1.0525143802194351e-05,0.0029552961960631944
679,1.051995319022708e-05,0.0029495444199311664
680,1.051477150777656e-05,0.0029438121528191194
681,1.0509598725861789e-05,0.0029380993002773733
682,1.0504434815638927e-05,0.00293240576845077
683,1.049927974839993e-05,0.0029267314640742375
684,1.049413349557189e-05,0.0029210762944679703
685,1.048899602871615e-05,0.0029154401675332677
686,1.0483867319527495e-05,0.0029098229917477857
687,1.0478747339833542e-05,0.0029042246761610533
688,1.047363606159361e-05,0.0028986451303899857
689,1.046853345689781e-05,0.0028930842646152323
690,1.0463439497966721e-05,0.002887541989576062
691,1.0458354157150425e-05,0.0028820182165660104
692,1.0453277406927238e-05,0.00287651285742966
693,1.0448209219903716e-05,0.0028710258245572503
694,1.0443149568813331e-05,0.002865557030881267
695,1.0438098426515643e-05,0.002860106389872079
696,1.0433055765996155e-05,0.0028546738155337155
697,1.042802156036467e-05,0.0028492592224002903
698,1.0422995782855385e-05,0.0028438625255310657
699,1.041797840682558e-05,0.00283848364050742
700,1.0412969405755011e-05,0.0028331224834286387
701,1.0407968753245306e-05,0.0028277789709075575
702,1.0402976423019126e-05,0.0028224530200674685
703,1.0397992388919324e-05,0.0028171445485372227
704,1.0393016624908393e-05,0.0028118534744487047
705,1.0388049105067961e-05,0.002806579716431971
706,1.0383089803597468e-05,0.0028013231936120787
707,1.0378138694813912e-05,0.002796083825605392
708,1.0373195753151257e-05,0.002790861532515629
709,1.0368260953159243e-05,0.0027856562349300685
710,1.0363334269503164e-05,0.002780467853917033
711,1.0358415676962862e-05,0.0027752963110208007
712,1.0353505150432334e-05,0.002770141528258697
713,1.0348602664918873e-05,0.0027650034281181614
714,1.0343708195542371e-05,0.0027598819335526432
715,1.0338821717534745e-05,0.0027547769679782583
716,1.0333943206239265e-05,0.002749688455270315
717,1.0329072637109903e-05,0.0027446163197601082
718,1.0324209985710474e-05,0.0027395604862313658
719,1.0319355227714598e-05,0.002734520879916723
720,1.0314508338904104e-05,0.002729497426495235
721,1.03096692951693e-05,0.0027244900520884984
722,1.0304838072507876e-05,0.0027194986832570793
723,1.0300014647024263e-05,0.002714523246997917
724,1.0295198994929244e-05,0.002709563670741006
725,1.0290391092539094e-05,0.0027046198823463445
726,1.0285590916275129e-05,0.0026996918101000293
727,1.028079844266305e-05,0.002694779382712092
728,1.0276013648332301e-05,0.0026898825293131955
729,1.02712365100156e-05,0.00268500117945088
730,1.026646700454802e-05,0.0026801352630879344
731,1.0261705108866828e-05,0.0026752847105976324
732,1.025695080001053e-05,0.0026704494527625467
733,1.0252204055118564e-05,0.002665629420770072
734,1.0247464851430508e-05,0.0026608245462103356
735,1.0242733166285632e-05,0.0026560347610736744
736,1.023800897712229e-05,0.0026512599977464462
737,1.0233292261477372e-05,0.002646500189009241
738,1.0228582996985466e-05,0.00264175526803386
739,1.0223881161379036e-05,0.002637025168380394
740,1.0219186732486919e-05,0.002632309823994401
741,1.021449968823451e-05,0.0026276091692043263
742,1.0209820006642847e-05,0.0026229231387187523
743,1.0205147665828065e-05,0.0026182516676232603
744,1.0200482644001097e-05,0.0026135946913784422
745,1.0195824919466853e-05,0.0026089521458165774
746,1.0191174470624062e-05,0.0026043239671398465
747,1.018653127596419e-05,0.0025997100919164288
748,1.0181895314071368e-05,0.002595110457079332
749,1.0177266563621768e-05,0.002590524999922946
750,1.0172645003382956e-05,0.002585953658100415
751,1.0168030612213693e-05,0.00258139636962163
752,1.0163423369062851e-05,0.002576853072850483
753,1.0158823252969537e-05,0.0025723237065022947
754,1.0154230243062156e-05,0.0025678082096415302
755,1.0149644318558077e-05,0.0025633065216792306
756,1.0145065458763224e-05,0.002558818582370357
757,1.0140493643071379e-05,0.002554344331811846
758,1.0135928850963733e-05,0.0025498837104400217
759,1.0131371062008663e-05,0.002545436659028095
760,1.0126820255860907e-05,0.002541003118684018
761,1.0122276412261161e-05,0.002536583030848212
762,1.0117739511035782e-05,0.0025321763372909267
763,1.0113209532096173e-05,0.0025277829801097665
764,1.0108686455438239e-05,0.0025234029017287087
765,1.0104170261142148e-05,0.0025190360448944164
766,1.0099660929371712e-05,0.00251468235267446
767,1.0095158440373706e-05,0.002510341768455113
768,1.0090662774478173e-05,0.002506014235939698
769,1.0086173912096893e-05,0.00250169969914539
770,1.0081691833723807e-05,0.002497398102401991
771,1.0077216519934164e-05,0.002493109390349057
772,1.0072747951384211e-05,0.002488833507934474
773,1.0068286108810582e-05,0.00248457040041152
774,1.0063830973030113e-05,0.0024803200133377773
775,1.0059382524939292e-05,0.002476082292571947
776,1.0054940745513533e-05,0.0024718571842727087
777,1.0050505615807412e-05,0.0024676446348964203
778,1.0046077116953492e-05,0.002463444591194655
779,1.0041655230162587e-05,0.0024592570002127706
780,1.0037239936722645e-05,0.00245508180928777
781,1.0032831217998984e-05,0.00245091896604565
782,1.0028429055433381e-05,0.0024467684184011603
783,1.0024033430544031e-05,0.0024426301145537106
784,1.0019644324924846e-05,0.0024385040029868943
785,1.0015261720245172e-05,0.0024343900324660292
786,1.0010885598249437e-05,0.0024302881520365076
787,1.0006515940756613e-05,0.0024261983110216404
788,1.0002152729659948e-05,0.0024221204590208502
789,9.997795946926466e-06,0.0024180545459084653
790,9.993445574596671e-06,0.002414000521830547
791,9.989101594784149e-06,0.002409958337204364
792,9.984763989674961e-06,0.0024059279427159123
793,9.980432741527536e-06,0.0024019092893180767
794,9.976107832672176e-06,0.0023979023282292857
795,9.971789245510724e-06,0.0023939070109311247
796,9.967476962516017e-06,0.002389923289167781
797,9.963170966231689e-06,0.002385951114942815
798,9.958871239271808e-06,0.00238199044051781
799,9.954577764320329e-06,0.0023780412184119617
800,9.950290524130774e-06,0.0023741034013983423
801,9.946009501526227e-06,0.002370176942503849
802,9.941734679398237e-06,0.002366261795006833
803,9.937466040707265e-06,0.002362357912435388
804,9.933203568481666e-06,0.0023584652485660372
805,9.928947245817741e-06,0.0023545837574216505
806,9.924697055879138e-06,0.002350713393270372
807,9.920452981896825e-06,0.0023468541106237946
808,9.916215007168316e-06,0.002343005864234985
809,9.911983115057503e-06,0.002339168609097513
810,9.907757288994619e-06,0.0023353423004432335
811,9.903537512475212e-06,0.0023315268937417278
812,9.899323769060586e-06,0.0023277223446973084
813,9.895116042376682e-06,0.002323928609248809
814,9.890914316114616e-06,0.0023201456435675708
815,9.886718574029428e-06,0.0023163734040556835
816,9.882528799940422e-06,0.0023126118473448397
817,9.878344977730409e-06,0.0023088609302947165
818,9.874167091345887e-06,0.0023051206099916023
819,9.869995124796105e-06,0.0023013908437465188
820,9.86582906215317e-06,0.002297671589094314
821,9.861668887551402e-06,0.0022939628037921336
822,9.85751458518749e-06,0.0022902644458175823
823,9.853366139319594e-06,0.0022865764733678226
824,9.849223534267612e-06,0.0022828988448577595
825,9.84508675441219e-06,0.00227923151891862
826,9.84095578419507e-06,0.002275574454397119
827,9.836830608118439e-06,0.0022719276103535285
828,9.832711210744628e-06,0.002268290946060576
829,9.828597576695829e-06,0.002264664421001612
830,9.82448969065388e-06,0.0022610479948704113
831,9.820387537359986e-06,0.002257441627568297
832,9.816291101614114e-06,0.0022538452792042088
833,9.812200368275096e-06,0.0022502589100924183
834,9.808115322259966e-06,0.0022466824807517004
835,9.804035948543929e-06,0.002243115951904003
836,9.799962232160207e-06,0.0022395592844727252
837,9.79589415819914e-06,0.0022360124395825083
838,9.791831711808603e-06,0.002232475378556536
839,9.787774878193126e-06,0.002228948062916203
840,9.78372364261409e-06,0.002225430454379946
841,9.779677990389141e-06,0.00222192251486139
842,9.775637906891883e-06,0.0022184242064686942
843,9.771603377552032e-06,0.0022149354915028284
844,9.767574387854501e-06,0.002211456332456988
845,9.763550923339522e-06,0.002207986692014625
846,9.759532969602467e-06,0.002204526533049037
847,9.755520512293083e-06,0.00220107581862134
848,9.751513537115795e-06,0.0021976345119802706
849,9.747512029829011e-06,0.002194202576560108
850,9.74351597624509e-06,0.002190779975980146
851,9.739525362230013e-06,0.002187366674043411
852,9.735540173702991e-06,0.0021839626347350213
853,9.731560396636492e-06,0.0021805678222217998
854,9.727586017055583e-06,0.002177182200850554
855,9.723617021038106e-06,0.0021738057351475535
856,9.719653394713895e-06,0.0021704383898169177
857,9.715695124265365e-06,0.002167080129739398
858,9.711742195926026e-06,0.002163730919971948
859,9.707794595981363e-06,0.002160390725746292
860,9.70385231076801e-06,0.00215705951246728
861,9.699915326673694e-06,0.0021537372457129723
862,9.695983630136763e-06,0.002150423891232755
863,9.692057207646292e-06,0.002147119414946336
864,9.688136045741487e-06,0.002143823782943085
865,9.684220131011525e-06,0.0021405369614807836
866,9.680309450095548e-06,0.002137258916984128
867,9.676403989682221e-06,0.0021339896160448794
868,9.672503736509362e-06,0.0021307290254196512
869,9.668608677363996e-06,0.002127477112029672
870,9.66471879908189e-06,0.0021242338429590096
871,9.66083408854753e-06,0.0021209991854546106
872,9.656954532693659e-06,0.002117773106924596
873,9.653080118501064e-06,0.0021145555749374012
874,9.649210832998472e-06,0.0021113465572209036
875,9.645346663262497e-06,0.0021081460216614244
876,9.641487596416886e-06,0.0021049539363027017
877,9.63763361963261e-06,0.0021017702693450495
878,9.633784720127829e-06,0.0020985949891443698
879,9.629940885167267e-06,0.0020954280642112204
880,9.626102102062149e-06,0.0020922694632100488
881,9.622268358170323e-06,0.002089119154957742
882,9.618439640895168e-06,0.002085977108423256
883,9.614615937686403e-06,0.0020828432927265427
884,9.610797236039127e-06,0.0020797176771376012
885,9.606983523493946e-06,0.002076600231075496
886,9.603174787636761e-06,0.0020734909241077763
887,9.59937101609823e-06,0.0020703897259491343
888,9.595572196554092e-06,0.0020672966064611453
889,9.591778316724342e-06,0.002064211535650467
890,9.587989364373481e-06,0.002061134483668919
891,9.584205327310272e-06,0.0020580654208122787
892,9.580426193387214e-06,0.0020550043175191824
893,9.576651950500592e-06,0.002051951144370581
894,9.572882586590216e-06,0.002048905872088631
895,9.56911808963936e-06,0.0020458684715362967
896,9.565358447674092e-06,0.0020428389137161994
897,9.561603648763636e-06,0.0020398171697695857
898,9.557853681019865e-06,0.0020368032109759596
899,9.554108532597133e-06,0.002033797008751919
900,9.550368191692128e-06,0.0020307985346508513
901,9.54663264654363e-06,0.002027807760361447
902,9.542901885432341e-06,0.0020248246577073623
903,9.539175896680652e-06,0.0020218491986462445
904,9.535454668652477e-06,0.0020188813552690574
905,9.531738189753217e-06,0.0020159210997992257
906,9.528026448429065e-06,0.0020129684045919636
907,9.5243194331675e-06,0.002010023242133219
908,9.520617132496539e-06,0.0020070855850395407
909,9.5169195349849e-06,0.00200415540605629
910,9.513226629241537e-06,0.0020012326780581183
911,9.509538403915789e-06,0.0019983173740472393
912,9.505854847696773e-06,0.001995409467153092
913,9.502175949313621e-06,0.00199250893063144
914,9.498501697534946e-06,0.0019896157378642065
915,9.494832081168925e-06,0.001986729862357826
916,9.491167089062888e-06,0.001983851277743156
917,9.487506710103326e-06,0.001980979957774678
918,9.483850933215747e-06,0.001978115876329592
919,9.48019974736427e-06,0.0019752590074073244
920,9.476553141551347e-06,0.001972409325128442
921,9.472911104818344e-06,0.001969566803734651
922,9.469273626244332e-06,0.001966731417587512
923,9.465640694946642e-06,0.001963903141167853
924,9.462012300080354e-06,0.001961081949075153
925,9.458388430838456e-06,0.0019582678160269987
926,9.454769076451125e-06,0.001955460716858071
927,9.451154226186006e-06,0.0019526606265200819
928,9.447543869347978e-06,0.001949867520080112
929,9.443937995278928e-06,0.0019470813727211912
930,9.440336593357501e-06,0.0019443021597404127
931,9.436739652998887e-06,0.0019415298565493976
932,9.433147163655044e-06,0.0019387644386727229
933,9.429559114814076e-06,0.0019360058817479812
934,9.42597549600035e-06,0.0019332541615244456
935,9.422396296774128e-06,0.0019305092538632724
936,9.418821506731602e-06,0.0019277711347359574
937,9.41525111550466e-06,0.0019250397802246606
938,9.411685112760701e-06,0.0019223151665209207
939,9.408123488202313e-06,0.0019195972699249378
940,9.404566231567647e-06,0.0019168860668454994
941,9.401013332629534e-06,0.0019141815337991416
942,9.397464781195913e-06,0.0019114836474093374
943,9.393920567109344e-06,0.0019087923844061958
944,9.390380680247077e-06,0.0019061077216259
945,9.38684511052058e-06,0.0019034296360096181
946,9.383313847875961e-06,0.0019007581046032534
947,9.379786882293026e-06,0.0018980931045571912
948,9.376264203785702e-06,0.0018954346131252538
949,9.372745802401918e-06,0.001892782607663972
950,9.369231668222965e-06,0.0018901370656326036
951,9.365721791363812e-06,0.0018874979645920542
952,9.362216161972842e-06,0.0018848652822047213
953,9.358714770231486e-06,0.0018822389962335222
954,9.355217606354313e-06,0.0018796190845414209
955,9.351724660589098e-06,0.001877005525091395
956,9.348235923215896e-06,0.0018743982959451096
957,9.344751384547645e-06,0.0018717973752629018
958,9.341271034929849e-06,0.001869202741302691
959,9.337794864740335e-06,0.001866614372420634
960,9.334322864388955e-06,0.00186403224706888
961,9.330855024317866e-06,0.001861456343796356
962,9.327391335000938e-06,0.0018588866412477278
963,9.323931786944012e-06,0.001856323118163086
964,9.320476370684423e-06,0.001853765753376982
965,9.317025076791039e-06,0.0018512145258185104
966,9.313577895864289e-06,0.0018486694145101415
967,9.310134818535497e-06,0.0018461303985680038
968,9.306695835467414e-06,0.0018435974572006066
969,9.303260937353597e-06,0.0018410705697086691
970,9.299830114918262e-06,0.0018385497154848826
971,9.296403358916633e-06,0.0018360348740127067
972,9.292980660134295e-06,0.001833526024866743
973,9.289562009387335e-06,0.0018310231477113726
974,9.286147397522072e-06,0.001828526222301036
975,9.282736815415171e-06,0.0018260352284793402
976,9.279330253972963e-06,0.0018235501461782242
977,9.27592770413209e-06,0.0018210709554184715
978,9.272529156858715e-06,0.0018185976363082534
979,9.269134603148698e-06,0.0018161301690433837
980,9.265744034027423e-06,0.0018136685339061403
981,9.262357440549776e-06,0.0018112127112654183
982,9.258974813799692e-06,0.001808762681575923
983,9.255596144890443e-06,0.0018063184253778366
984,9.252221424964227e-06,0.0018038799232961643
985,9.248850645192118e-06,0.0018014471560406922
986,9.245483796773954e-06,0.0017990201044053556
987,9.24212087093828e-06,0.0017965987492671923
988,9.238761858942209e-06,0.001794183071586867
989,9.235406752070975e-06,0.0017917730524075882
990,9.232055541638445e-06,0.001789368672854942
991,9.228708218986413e-06,0.0017869699141362346
992,9.225364775484774e-06,0.0017845767575403275
993,9.222025202531391e-06,0.0017821891844367502
994,9.21868949155189e-06,0.0017798071762761595
995,9.215357633999594e-06,0.0017774307145887436
996,9.212029621355356e-06,0.0017750597809845906
997,9.208705445127477e-06,0.0017726943571531968
998,9.20538509685171e-06,0.00177033442486262
999,9.202068568090829e-06,0.0017679799659595138
1000,9.198755850434795e-06,0.0017656309623686355
1001,9.195446935500683e-06,0.0017632873960920703
1002,9.192141814932184e-06,0.0017609492492091418
1003,9.188840480400025e-06,0.001758616503876265
1004,9.185542923601497e-06,0.0017562891423259564
1005,9.182249136260292e-06,0.001753967146866852
1006,9.178959110126642e-06,0.001751650499882897
1007,9.175672836977083e-06,0.0017493391838334683
1008,9.172390308614372e-06,0.0017470331812526256
1009,9.169111516867326e-06,0.0017447324747487023
1010,9.165836453590881e-06,0.0017424370470044584
1011,9.162565110665556e-06,0.0017401468807755507
1012,9.15929747999793e-06,0.0017378619588918347
1013,9.156033553520136e-06,0.0017355822642550075
1014,9.152773323189835e-06,0.0017333077798397623
1015,9.149516780990207e-06,0.0017310384886927732
1016,9.146263918929734e-06,0.001728774373932518
1017,9.143014729042137e-06,0.0017265154187487718
1018,9.139769203386236e-06,0.0017242616064021062
1019,9.136527334045985e-06,0.0017220129202239185
1020,9.133289113130226e-06,0.001719769343615594
1021,9.130054532772558e-06,0.00171753086004851
1022,9.126823585131376e-06,0.0017152974530636727
1023,9.123596262389617e-06,0.0017130691062712399
1024,9.12037255675487e-06,0.001710845803349609
1025,9.117152460458992e-06,0.0017086275280464172
1026,9.113935965758291e-06,0.0017064142641768862
1027,9.110723064933183e-06,0.0017042059956238879
1028,9.107513750288243e-06,0.0017020027063379664
1029,9.104308014152157e-06,0.001699804380336747
1030,9.101105848877323e-06,0.0016976110017042376
1031,9.097907246840184e-06,0.0016954225545907453
1032,9.094712200440774e-06,0.0016932390232130257
1033,9.09152070210273e-06,0.001691060391853326
1034,9.088332744273377e-06,0.0016888866448588325
1035,9.08514831942338e-06,0.0016867177666420737
1036,9.081967420046725e-06,0.0016845537416802546
1037,9.078790038660655e-06,0.0016823945545149028
1038,9.075616167805565e-06,0.0016802401897514953
1039,9.072445800044961e-06,0.0016780906320590927
1040,9.06927892796522e-06,0.0016759458661702428
1041,9.066115544175738e-06,0.0016738058768805836
1042,9.062955641308505e-06,0.001671670649048122
1043,9.059799212018394e-06,0.0016695401675940061
1044,9.056646248982633e-06,0.001667414417500396
1045,9.053496744901151e-06,0.0016652933838119585
1046,9.050350692496235e-06,0.0016631770516347525
1047,9.047208084512479e-06,0.0016610654061357656
1048,9.044068913716786e-06,0.001658958432542966
1049,9.040933172898022e-06,0.0016568561161445167
1050,9.037800854867262e-06,0.0016547584422895306
1051,9.034671952457549e-06,0.0016526653963861737
1052,9.031546458523723e-06,0.0016505769639027028
1053,9.028424365942455e-06,0.0016484931303666452
1054,9.025305667612097e-06,0.0016464138813645347
1055,9.022190356452653e-06,0.0016443392025416049
1056,9.019078425405694e-06,0.001642269079601339
1057,9.01596986743408e-06,0.001640203498305466
1058,9.012864675522224e-06,0.001638142444473797
1059,9.009762842675665e-06,0.0016360859039833392
1060,9.006664361921255e-06,0.001634033862768674
1061,9.00356922630681e-06,0.0016319863068211934
1062,9.000477428901328e-06,0.0016299432221888528
1063,8.997388962794486e-06,0.001627904594976248
1064,8.994303821097088e-06,0.0016258704113439831
1065,8.99122199694067e-06,0.0016238406575085137
1066,8.98814348347731e-06,0.0016218153197419068
1067,8.985068273879832e-06,0.0016197943843716468
1068,8.98199636134151e-06,0.0016177778377800252
1069,8.978927739076105e-06,0.0016157656664041356
1070,8.975862400317704e-06,0.001613757856735761
1071,8.972800338320716e-06,0.0016117543953206646
1072,8.969741546359723e-06,0.0016097552687584428
1073,8.966686017729462e-06,0.0016077604637028133
1074,8.963633745744688e-06,0.0016057699668603942
1075,8.96058472374023e-06,0.0016037837649913664
1076,8.95753894507056e-06,0.001601801844908606
1077,8.954496403110297e-06,0.0015998241934775076
1078,8.951457091253436e-06,0.0015978507976162101
1079,8.948421002914e-06,0.0015958816442946295
1080,8.945388131525204e-06,0.001593916720534351
1081,8.9423584705401e-06,0.0015919560134092653
1082,8.939332013431002e-06,0.0015899995100441087
1083,8.936308753689655e-06,0.0015880471976145241
1084,8.933288684826953e-06,0.001586099063347676
1085,8.930271800373079e-06,0.0015841550945206544
1086,8.927258093877427e-06,0.0015822152784612156
1087,8.92424755890829e-06,0.001580279602547296
1088,8.92124018905305e-06,0.0015783480542065137
1089,8.918235977917858e-06,0.0015764206209161196
1090,8.915234919127886e-06,0.0015744972902031105
1091,8.912237006326888e-06,0.0015725780496431152
1092,8.909242233177473e-06,0.0015706628868609115
1093,8.906250593360777e-06,0.0015687517895299806
1094,8.903262080576417e-06,0.0015668447453720433
1095,8.900276688542698e-06,0.0015649417421573142
1096,8.897294410995992e-06,0.0015630427677037588
1097,8.894315241691248e-06,0.0015611478098769445
1098,8.891339174401696e-06,0.001559256856590302
1099,8.888366202918602e-06,0.0015573698958044637
1100,8.885396321051437e-06,0.001555486915526818
1101,8.882429522627752e-06,0.0015536079038117716
1102,8.879465801492983e-06,0.0015517328487603154
1103,8.876505151510568e-06,0.0015498617385199202
1104,8.873547566561725e-06,0.0015479945612839193
1105,8.870593040545607e-06,0.0015461313052919717
1106,8.867641567378852e-06,0.0015442719588289065
1107,8.864693140995772e-06,0.0015424165102256254
1108,8.861747755348451e-06,0.0015405649478578106
1109,8.858805404406278e-06,0.0015387172601465625
1110,8.855866082156246e-06,0.0015368734355577485
1111,8.852929782602474e-06,0.0015350334626016257
1112,8.84999649976671e-06,0.0015331973298330832
1113,8.84706622768766e-06,0.0015313650258512593
1114,8.844138960421373e-06,0.0015295365392990568
1115,8.841214692040955e-06,0.001527711858863493
1116,8.838293416636652e-06,0.0015258909732746829
1117,8.835375128315553e-06,0.0015240738713066069
1118,8.832459821201746e-06,0.0015222605417761024
1119,8.82954748943617e-06,0.0015204509735430422
1120,8.82663812717651e-06,0.0015186451555101262
1121,8.823731728597265e-06,0.0015168430766226526
1122,8.820828287889462e-06,0.001515044725867832
1123,8.81792779926101e-06,0.0015132500922757986
1124,8.81503025693602e-06,0.0015114591649179679
1125,8.812135655155194e-06,0.0015096719329079234
1126,8.80924398817583e-06,0.0015078883854004878
1127,8.806355250271503e-06,0.0015061085115919888
1128,8.803469435731827e-06,0.001504332300720034
1129,8.800586538862962e-06,0.0015025597420631508
1130,8.79770655398711e-06,0.0015007908249406487
1131,8.794829475442575e-06,0.0014990255387124277
1132,8.791955297583877e-06,0.0014972638727786633
1133,8.789084014781308e-06,0.0014955058165798884
1134,8.786215621421204e-06,0.0014937513595966634
1135,8.783350111905808e-06,0.0014920004913494024
1136,8.78048748065299e-06,0.001490253201398185
1137,8.777627722096663e-06,0.0014885094793424855
1138,8.77477083068627e-06,0.00148676931482096
1139,8.771916800886836e-06,0.001485032697511778
1140,8.76906562717923e-06,0.001483299617131611
1141,8.766217304059535e-06,0.0014815700634358143
1142,8.763371826039487e-06,0.0014798440262190496
1143,8.760529187646165e-06,0.0014781214953134827
1144,8.757689383422048e-06,0.0014764024605897629
1145,8.754852407924927e-06,0.0014746869119569147
1146,8.75201825572775e-06,0.0014729748393614126
1147,8.749186921418707e-06,0.0014712662327876125
1148,8.746358399601152e-06,0.0014695610822572404
1149,8.743532684893354e-06,0.001467859377829517
1150,8.740709771928859e-06,0.0014661611096006594
1151,8.737889655355993e-06,0.001464466267704046
1152,8.73507232983804e-06,0.0014627748423098443
1153,8.732257790053134e-06,0.0014610868236245129
1154,8.729446030694194e-06,0.0014594022018914485
1155,8.726637046468934e-06,0.0014577209673903985
1156,8.723830832099675e-06,0.0014560431104368764
1157,8.721027382323558e-06,0.0014543686213826065
1158,8.718226691892026e-06,0.001452697490615121
1159,8.715428755571359e-06,0.0014510297085574744
1160,8.712633568142103e-06,0.0014493652656686013
1161,8.709841124399287e-06,0.0014477041524422008
1162,8.70705141915236e-06,0.0014460463594078374
1163,8.704264447225084e-06,0.0014443918771292197
1164,8.701480203455427e-06,0.0014427406962056043
1165,8.698698682695687e-06,0.00144109280727062
1166,8.695919879812151e-06,0.0014394482009926198
1167,8.693143789685465e-06,0.0014378068680743197
1168,8.69037040721014e-06,0.0014361687992523432
1169,8.687599727294893e-06,0.0014345339852976122
1170,8.684831744862087e-06,0.0014329024170151013
1171,8.682066454848458e-06,0.001431274085243424
1172,8.679303852204124e-06,0.0014296489808547524
1173,8.676543931893294e-06,0.0014280270947545101
1174,8.673786688894013e-06,0.0014264084178818922
1175,8.671032118197813e-06,0.0014247929412089118
1176,8.66828021481003e-06,0.0014231806557408512
1177,8.665530973749588e-06,0.0014215715525156157
1178,8.662784390048993e-06,0.0014199656226035844
1179,8.660040458754265e-06,0.001418362857108366
1180,8.65729917492483e-06,0.0014167632471655523
1181,8.654560533633737e-06,0.001415166783942958
1182,8.651824529967175e-06,0.0014135734586408354
1183,8.649091159024753e-06,0.0014119832624910438
1184,8.646360415919365e-06,0.0014103961867574669
1185,8.643632295777248e-06,0.0014088122227355478
1186,8.64090679373757e-06,0.001407231361752685
1187,8.638183904952821e-06,0.0014056535951673856
1188,8.635463624588618e-06,0.0014040789143693379
1189,8.632745947823537e-06,0.0014025073107795693
1190,8.630030869849197e-06,0.0014009387758499227
1191,8.627318385870107e-06,0.0013993733010632886
1192,8.624608491103756e-06,0.0013978108779331185
1193,8.621901180780459e-06,0.0013962514980036115
1194,8.619196450143326e-06,0.0013946951528493246
1195,8.61649429444834e-06,0.0013931418340750424
1196,8.61379470896411e-06,0.0013915915333158574
1197,8.611097688971935e-06,0.0013900442422369117
1198,8.608403229765827e-06,0.001388499952533211
1199,8.605711326652325e-06,0.0013869586559294366
1200,8.603021974950533e-06,0.0013854203441801966
1201,8.600335169991978e-06,0.0013838850090693484
1202,8.597650907120932e-06,0.0013823526424103312
1203,8.594969181693763e-06,0.0013808232360455848
1204,8.59228998907936e-06,0.0013792967818469812
1205,8.589613324658835e-06,0.0013777732717152132
1206,8.58693918382578e-06,0.001376252697579915
1207,8.584267561985976e-06,0.0013747350513995896
1208,8.58159845455717e-06,0.001373220325161037
1209,8.578931856969592e-06,0.0013717085108797245
1210,8.576267764665387e-06,0.0013701996005998284
1211,8.57360617309896e-06,0.0013686935863930438
1212,8.57094707773649e-06,0.00136719046035982
1213,8.568290474056297e-06,0.0013656902146284185
1214,8.565636357548736e-06,0.0013641928413550399
1215,8.562984723715906e-06,0.0013626983327232572
1216,8.56033556807185e-06,0.0013612066809447732
1217,8.557688886142476e-06,0.0013597178782585578
1218,8.55504467346536e-06,0.0013582319169313103
1219,8.552402925589888e-06,0.0013567487892565035
1220,8.549763638077227e-06,0.0013552684875548873
1221,8.547126806500113e-06,0.0013537910041745607
1222,8.544492426442863e-06,0.001352316331490388
1223,8.54186049350159e-06,0.0013508444619038658
1224,8.539231003283641e-06,0.0013493753878433407
1225,8.536603951407983e-06,0.0013479091017639024
1226,8.533979333505356e-06,0.001346445596146689
1227,8.531357145217409e-06,0.00134498486349959
1228,8.528737382197525e-06,0.0013435268963566287
1229,8.526120040110321e-06,0.0013420716872777185
1230,8.523505114631746e-06,0.0013406192288490841
1231,8.520892601448937e-06,0.001339169513682576
1232,8.51828249626048e-06,0.0013377225344160283
1233,8.515674794775882e-06,0.0013362782837129845
1234,8.513069492715923e-06,0.0013348367542622183
1235,8.510466585812506e-06,0.0013333979387784045
1236,8.507866069808638e-06,0.0013319618300013873
1237,8.50526794045839e-06,0.0013305284206961083
1238,8.50267219352669e-06,0.0013290977036527103
1239,8.500078824789516e-06,0.0013276696716864567
1240,8.497487830033808e-06,0.0013262443176375698
1241,8.494899205057332e-06,0.0013248216343707555
1242,8.492312945668814e-06,0.001323401614775827
1243,8.4897290476876e-06,0.001321984251766874
1244,8.487147506944022e-06,0.0013205695382828139
1245,8.484568319279106e-06,0.0013191574672865157
1246,8.481991480544471e-06,0.0013177480317655898
1247,8.479416986602512e-06,0.0013163412247314166
1248,8.47684483332628e-06,0.0013149370392197975
1249,8.474275016599297e-06,0.0013135354682902655
1250,8.47170753231574e-06,0.001312136505026458
1251,8.469142376380416e-06,0.0013107401425354567
1252,8.466579544708385e-06,0.001309346373948299
1253,8.464019033225373e-06,0.0013079551924197268
1254,8.46146083786733e-06,0.0013065665911276489
1255,8.458904954580855e-06,0.001305180563273169
1256,8.456351379322635e-06,0.001303797102081208
1257,8.45380010805987e-06,0.001302416200799506
1258,8.451251136769918e-06,0.0013010378526990098
1259,8.448704461440477e-06,0.0012996620510736475
1260,8.446160078069368e-06,0.0012982887892401239
1261,8.443617982664645e-06,0.0012969180605381587
1262,8.44107817124442e-06,0.0012955498583298454
1263,8.43854063983712e-06,0.0012941841760002446
1264,8.436005384481154e-06,0.0012928210069565748
1265,8.43347240122484e-06,0.0012914603446287914
1266,8.430941686126662e-06,0.0012901021824688007
1267,8.42841323525494e-06,0.00128874651395109
1268,8.425887044688311e-06,0.001287393332572019
1269,8.423363110514654e-06,0.0012860426318500528
1270,8.420841428832394e-06,0.0012846944053258745
1271,8.41832199574951e-06,0.0012833486465616338
1272,8.415804807383692e-06,0.001282005349141386
1273,8.413289859862582e-06,0.0012806645066707914
1274,8.410777149323553e-06,0.001279326112777395
1275,8.408266671913621e-06,0.001277990161109826
1276,8.405758423789566e-06,0.001276656645338505
1277,8.403252401117785e-06,0.0012753255591548694
1278,8.400748600074202e-06,0.0012739968962714797
1279,8.398247016844506e-06,0.0012726706504225767
1280,8.395747647623824e-06,0.0012713468153630308
1281,8.393250488616844e-06,0.0012700253848686013
1282,8.390755536037731e-06,0.0012687063527362578
1283,8.388262786110126e-06,0.0012673897127835178
1284,8.385772235067205e-06,0.0012660754588488205
1285,8.383283879151319e-06,0.0012647635847910536
1286,8.380797714614282e-06,0.0012634540844894833
1287,8.378313737717477e-06,0.0012621469518442222
1288,8.375831944731156e-06,0.0012608421807754505
1289,8.373352331935238e-06,0.0012595397652238256
1290,8.370874895618691e-06,0.0012582396991501264
1291,8.368399632079809e-06,0.0012569419765350875
1292,8.365926537625957e-06,0.0012556465913797642
1293,8.363455608573773e-06,0.0012543535377050926
1294,8.360986841248944e-06,0.0012530628095516426
1295,8.358520231986262e-06,0.0012517744009799534
1296,8.356055777129666e-06,0.0012504883060703628
1297,8.35359347303206e-06,0.0012492045189228499
1298,8.351133316055383e-06,0.0012479230336565079
1299,8.348675302570479e-06,0.0012466438444105209
1300,8.346219428957312e-06,0.0012453669453431795
1301,8.34376569160461e-06,0.001244092330631876
1302,8.34131408691004e-06,0.001242819994473518
1303,8.338864611280216e-06,0.0012415499310840896
1304,8.336417261130468e-06,0.0012402821346987065
1305,8.333972032884965e-06,0.001239016599571506
1306,8.33152892297683e-06,0.0012377533199750695
1307,8.329087927847592e-06,0.0012364922902016059
1308,8.326649043947798e-06,0.0012352335045615456
1309,8.324212267736557e-06,0.001233976957384139
1310,8.321777595681764e-06,0.001232722643017522
1311,8.319345024259755e-06,0.0012314705558278546
1312,8.316914549955653e-06,0.0012302206902001212
1313,8.31448616926304e-06,0.0012289730405375557
1314,8.312059878684206e-06,0.0012277276012620424
1315,8.30963567472981e-06,0.00122648436681325
1316,8.307213553919105e-06,0.0012252433316492428
1317,8.304793512779799e-06,0.0012240044902460598
1318,8.30237554784802e-06,0.0012227678370980287
1319,8.299959655668424e-06,0.0012215333667171316
1320,8.297545832793874e-06,0.0012203010736332748
1321,8.295134075785726e-06,0.0012190709523946153
1322,8.292724381213671e-06,0.0012178429975664138
1323,8.29031674565573e-06,0.0012166172037317543
1324,8.287911165698124e-06,0.001215393565491794
1325,8.28550763793542e-06,0.0012141720774645213
1326,8.283106158970315e-06,0.0012129527342859192
1327,8.280706725413871e-06,0.001211735530609181
1328,8.27830933388526e-06,0.0012105204611047478
1329,8.275913981011722e-06,0.0012093075204601402
1330,8.273520663428689e-06,0.0012080967033804954
1331,8.271129377779758e-06,0.0012068880045878344
1332,8.268740120716578e-06,0.0012056814188210864
1333,8.266352888898833e-06,0.0012044769408364956
1334,8.263967678994188e-06,0.0012032745654068585
1335,8.261584487678354e-06,0.001202074287321912
1336,8.259203311635051e-06,0.0012008761013884242
1337,8.256824147555878e-06,0.001199680002429468
1338,8.254446992140499e-06,0.001198485985284896
1339,8.252071842096298e-06,0.0011972940448115202
1340,8.249698694138651e-06,0.001196104175882062
1341,8.247327544990743e-06,0.0011949163733859858
1342,8.244958391383596e-06,0.0011937306322291133
1343,8.242591230056129e-06,0.0011925469473335535
1344,8.240226057754834e-06,0.0011913653136378464
1345,8.237862871234234e-06,0.0011901857260964669
1346,8.235501667256234e-06,0.0011890081796799537
1347,8.233142442590816e-06,0.001187832669375205
1348,8.230785194015322e-06,0.0011866591901849865
1349,8.228429918314981e-06,0.0011854877371278822
1350,8.226076612282545e-06,0.001184318305238501
1351,8.223725272718441e-06,0.0011831508895672304
1352,8.221375896430552e-06,0.0011819854851801684
1353,8.2190284802345e-06,0.0011808220871589396
1354,8.21668302095332e-06,0.0011796606906012005
1355,8.214339515417602e-06,0.0011785012906197594
1356,8.211997960465523e-06,0.0011773438823431198
1357,8.209658352942502e-06,0.0011761884609151803
1358,8.2073206897016e-06,0.0011750350214954214
1359,8.204984967603245e-06,0.0011738835592581803
1360,8.202651183515364e-06,0.0011727340693935449
1361,8.200319334312968e-06,0.0011715865471064518
1362,8.197989416878783e-06,0.0011704409876172872
1363,8.195661428102549e-06,0.0011692973861612
1364,8.193335364881603e-06,0.001168155737988626
1365,8.191011224120297e-06,0.001167016038364888
1366,8.18868900273045e-06,0.001165878282570072
1367,8.186368697631032e-06,0.0011647424658993055
1368,8.184050305748364e-06,0.0011636085836624513
1369,8.181733824015647e-06,0.0011624766311841021
1370,8.179419249373549e-06,0.0011613466038035887
1371,8.177106578769928e-06,0.0011602184968746048
1372,8.174795809159419e-06,0.0011590923057657986
1373,8.172486937504213e-06,0.001157968025859959
1374,8.170179960773235e-06,0.001156845652554773
1375,8.167874875942682e-06,0.0011557251812619705
1376,8.165571679995622e-06,0.0011546066074074736
1377,8.163270369922373e-06,0.0011534899264319732
1378,8.160970942720157e-06,0.001152375133790074
1379,8.158673395392959e-06,0.0011512622249506227
1380,8.156377724952024e-06,0.0011501511953967338
1381,8.15408392841548e-06,0.0011490420406252784
1382,8.151792002808165e-06,0.0011479347561474712
1383,8.149501945162072e-06,0.0011468293374881672
1384,8.147213752515898e-06,0.0011457257801865174
1385,8.14492742191528e-06,0.0011446240797951266
1386,8.142642950412668e-06,0.001143524231880797
1387,8.140360335067182e-06,0.0011424262320236765
1388,8.138079572945091e-06,0.0011413300758178538
1389,8.135800661119055e-06,0.0011402357588711793
1390,8.13352359666853e-06,0.0011391432768046864
1391,8.131248376680065e-06,0.0011380526252532856
1392,8.128974998246392e-06,0.001136963799865439
1393,8.126703458467345e-06,0.0011358767963026142
1394,8.124433754449319e-06,0.001134791610240224
1395,8.122165883305176e-06,0.0011337082373666153
1396,8.119899842154582e-06,0.0011326266733834678
1397,8.117635628123903e-06,0.0011315469140059887
1398,8.11537323834569e-06,0.001130468954962095
1399,8.113112669959686e-06,0.001129392791993164
1400,8.110853920111501e-06,0.001128318420853648
1401,8.108596985953731e-06,0.0011272458373110272
1402,8.106341864645438e-06,0.0011261750371456456
1403,8.104088553352026e-06,0.0011251060161508776
1404,8.10183704924542e-06,0.001124038770133064
1405,8.099587349504018e-06,0.0011229732949110862
1406,8.09733945131259e-06,0.0011219095863170348
1407,8.095093351862457e-06,0.0011208476401952802
1408,8.09284904835114e-06,0.0011197874524032161
1409,8.090606537982687e-06,0.0011187290188110776
1410,8.088365817967526e-06,0.0011176723353011047
1411,8.0861268855222e-06,0.001116617397768625
1412,8.083889737869828e-06,0.0011155642021210704
1413,8.08165437223963e-06,0.0011145127442786131
1414,8.0794207858672e-06,0.0011134630201737217
1415,8.07718897599451e-06,0.0011124150257513527
1416,8.07495893986942e-06,0.0011113687569685306
1417,8.072730674746483e-06,0.0011103242097948419
1418,8.070504177885966e-06,0.0011092813802117615
1419,8.06827944655476e-06,0.0011082402642135073
1420,8.066056478025575e-06,0.001107200857805719
1421,8.063835269577619e-06,0.0011061631570066276
1422,8.061615818495804e-06,0.0011051271578463883
1423,8.05939812207154e-06,0.0011040928563671034
1424,8.057182177602244e-06,0.0011030602486229494
1425,8.054967982391217e-06,0.0011020293306797627
1426,8.052755533747926e-06,0.0011010000986155983
1427,8.050544828988056e-06,0.0010999725485200612
1428,8.048335865433001e-06,0.0010989466764944665
1429,8.046128640410455e-06,0.0010979224786523212
1430,8.043923151253944e-06,0.0010968999511183103
1431,8.04171939530289e-06,0.0010958790900290906
1432,8.039517369902916e-06,0.0010948598915328054
1433,8.037317072405294e-06,0.001093842351789193
1434,8.035118500167448e-06,0.0010928264669693333
1435,8.032921650552579e-06,0.0010918122332561867
1436,8.030726520929744e-06,0.0010907996468439158
1437,8.028533108674047e-06,0.0010897887039378765
1438,8.026341411166218e-06,0.0010887794007551524
1439,8.024151425792891e-06,0.0010877717335236678
1440,8.021963149946605e-06,0.0010867656984832595
1441,8.019776581025579e-06,0.0010857612918844957
1442,8.017591716433936e-06,0.0010847585099890656
1443,8.01540855358146e-06,0.0010837573490701758
1444,8.013227089883684e-06,0.0010827578054120601
1445,8.011047322761898e-06,0.0010817598753099867
1446,8.008869249643185e-06,0.0010807635550699399
1447,8.006692867960122e-06,0.0010797688410090708
1448,8.004518175151113e-06,0.0010787757294558346
1449,8.002345168660353e-06,0.001077784216749122
1450,8.000173845937357e-06,0.0010767942992388037
1451,7.998004204437625e-06,0.001075805973285647
1452,7.995836241621916e-06,0.0010748192352612303
1453,7.99366995495686e-06,0.0010738340815476851
1454,7.991505341914578e-06,0.0010728505085380174
1455,7.989342399972739e-06,0.0010718685126359891
1456,7.987181126614561e-06,0.0010708880902557073
1457,7.985021519328919e-06,0.0010699092378220543
1458,7.982863575609914e-06,0.0010689319517704003
1459,7.980707292957506e-06,0.0010679562285468144
1460,7.978552668876925e-06,0.0010669820646075166
1461,7.976399700878945e-06,0.0010660094564193436
1462,7.97424838647964e-06,0.0010650384004594646
1463,7.972098723200704e-06,0.001064068893215438
1464,7.969950708569266e-06,0.0010631009311852706
1465,7.96780434011771e-06,0.0010621345108770375
1466,7.965659615384022e-06,0.0010611696288091211
1467,7.963516531911319e-06,0.0010602062815102669
1468,7.961375087248244e-06,0.0010592444655191796
1469,7.959235278948606e-06,0.0010582841773849312
1470,7.957097104571966e-06,0.0010573254136664262
1471,7.954960561682695e-06,0.0010563681709328035
1472,7.952825647850759e-06,0.001055412445763232
1473,7.950692360651338e-06,0.0010544582347468891
1474,7.948560697664829e-06,0.0010535055344826738
1475,7.946430656476937e-06,0.0010525543415797504
1476,7.944302234678594e-06,0.001051604652657067
1477,7.942175429866092e-06,0.0010506564643430636
1478,7.94005023964057e-06,0.0010497097732765893
1479,7.937926661608826e-06,0.0010487645761056903
1480,7.935804693382387e-06,0.0010478208694885468
1481,7.933684332578355e-06,0.001046878650093061
1482,7.931565576818632e-06,0.0010459379145965728
1483,7.929448423730631e-06,0.0010449986596861196
1484,7.927332870946448e-06,0.0010440608820585205
1485,7.92521891610363e-06,0.001043124578419925
1486,7.923106556844677e-06,0.001042189745486195
1487,7.920995790817121e-06,0.0010412563799825966
1488,7.918886615673738e-06,0.0010403244786437646
1489,7.916779029072139e-06,0.001039394038214315
1490,7.914673028675133e-06,0.0010384650554473983
1491,7.912568612150474e-06,0.001037537527106211
1492,7.910465777170867e-06,0.0010366114499630267
1493,7.908364521414216e-06,0.00103568682079944
1494,7.90626484256306e-06,0.001034763636406374
1495,7.904166738305323e-06,0.001033841893583864
1496,7.902070206333504e-06,0.0010329215891411708
1497,7.899975244345245e-06,0.0010320027198969153
1498,7.897881850043108e-06,0.0010310852826786803
1499,7.895790021134483e-06,0.0010301692743231495
1500,7.893699755331704e-06,0.0010292546916762456
1501,7.89161105035191e-06,0.0010283415315927062
1502,7.889523903917213e-06,0.0010274297909362577
1503,7.88743831375455e-06,0.001026519466579855
1504,7.885354277595665e-06,0.0010256105554053946
1505,7.883271793177214e-06,0.0010247030543034214
1506,7.881190858240499e-06,0.001023796960173451
1507,7.879111470531751e-06,0.0010228922699240992
1508,7.877033627802016e-06,0.0010219889804724345
1509,7.874957327806949e-06,0.001021087088744475
1510,7.872882568307186e-06,0.0010201865916751372
1511,7.87080934706792e-06,0.0010192874862078845
1512,7.868737661859142e-06,0.0010183897692949584
1513,7.866667510455639e-06,0.0010174934378971313
1514,7.864598890636832e-06,0.0010165984889842032
1515,7.862531800186746e-06,0.0010157049195339632
1516,7.860466236894237e-06,0.0010148127265332352
1517,7.858402198552891e-06,0.0010139219069773366
1518,7.856339682960588e-06,0.0010130324578699794
1519,7.854278687920322e-06,0.001012144376223405
1520,7.852219211239332e-06,0.0010112576590583637
1521,7.850161250729792e-06,0.0010103723034039398
1522,7.848104804208138e-06,0.0010094883062978014
1523,7.846049869495695e-06,0.0010086056647856416
1524,7.843996444418173e-06,0.001007724375921773
1525,7.841944526806013e-06,0.0010068444367688845
1526,7.839894114493966e-06,0.0010059658443976386
1527,7.83784520532162e-06,0.0010050885958873108
1528,7.83579779713283e-06,0.0010042126883250387
1529,7.833751887776146e-06,0.0010033381188064754
1530,7.831707475104626e-06,0.00100246488443506
1531,7.82966455697562e-06,0.0010015929823228352
1532,7.827623131251119e-06,0.0010007224095898847
1533,7.825583195797507e-06,0.000999853163363835
